+0 000 000 000
+0 000 000 001
+0 000 000 002
+0 000 000 003
+0 000 000 004
+0 000 000 005
+0 000 000 006
+0 000 000 007
+0 000 000 008
+0 000 000 009
+0 000 000 010
+0 000 000 011
+9 999 999 999
+8 000 000 001
+8 000 000 002
+8 000 000 003
+8 000 000 004
-1 002 001 005
+2 002 005 006
-1 005 001 005
+2 005 006 006
-1 005 001 005
+2 005 006 006
-1 005 001 005
+2 005 006 006
-8 000 000 006
-1 003 001 007
+2 003 007 008
-1 007 001 007
+2 007 008 008
-1 007 001 007
+2 007 008 008
-1 007 001 007
+2 007 008 008
-1 007 001 007
+2 007 008 008
-1 007 001 007
+2 007 008 008
-8 000 000 008
-1 004 001 009
+2 004 009 010
-1 009 001 009
+2 009 010 010
-1 009 001 009
+2 009 010 010
-1 009 001 009
+2 009 010 010
-1 009 001 009
+2 009 010 010
-1 009 001 009
+2 009 010 010
-1 009 001 009
+2 009 010 010
-1 009 001 009
+2 009 010 010
-8 000 000 000
-8 000 000 001
-8 000 000 002
-8 000 000 003
-8 000 000 004
-8 000 000 005
-8 000 000 006
-8 000 000 007
-8 000 000 008
-8 000 000 009
-8 000 000 010
-8 000 000 011
+9 999 999 999