+0 000 000 000
+0 000 000 001
+0 000 000 002
+0 000 000 003
+0 000 000 004
+0 000 000 005
+0 000 000 006
+0 000 000 007
+0 000 000 008
+0 000 000 009
+0 000 000 010
+0 000 000 011
+0 000 000 012
+0 000 000 013
+0 000 000 014
+0 000 000 015
+0 000 000 265
+9 999 999 999
+8 000 000 001
+8 000 000 002
+0 002 000 010
+0 002 000 015
+1 003 001 003
-1 010 001 010
-6 010 015 003
+7 003 250 005
+8 000 000 005
+8 000 000 007
+0 000 000 003
+8 000 000 004
+8 000 000 006
+6 015 003 010
+0 010 000 011
-2 010 005 010
+2 010 005 010
+4 010 011 020
+7 003 250 013
+4 001 001 023
-1 002 001 002
-6 000 015 003
+4 001 001 018
+0 000 000 003
+6 015 003 010
+0 010 000 011
-2 010 007 010
+2 010 007 010
+4 010 011 031
+7 003 250 024
+4 001 001 034
-1 002 001 002
-6 000 015 003
+4 001 001 029
+0 000 000 003
+0 000 000 011
+6 015 003 010
+1 010 011 011
+7 003 250 036
+0 011 000 009
-2 009 002 008
-8 000 000 008
-8 000 000 009
+0 000 000 003
+6 240 003 010
-8 000 000 010
+7 003 025 044
+9 999 999 999